cf_clearance=2bd5aee6f6732aba493c2ccea8cb7729aed05a90-1624261367-0-150; ASP.NET_SessionId=qvkrutngt2hu0udm3z5jhcz2; _ga=GA1.2.1696413369.1624261372; _gid=GA1.2.2060917131.1624261372; _gat=1; __asc=07d08a0a17a2d85aaf21a4c9ce1; __auc=07d08a0a17a2d85aaf21a4c9ce1; _ym_uid=1624261373531451016; _ym_d=1624261373; __atuvc=1|25; __atuvs=60d042fcc95681b7000; __gads=ID=d17905afad4bdb92-226b5bb90dc9000d:T=1624261373:S=ALNI_MYeweUqgjG6uGIsNErUXJsMTFCzFQ; _ym_isad=1
cf_clearance=2bd5aee6f6732aba493c2ccea8cb7729aed05a90-1624261367-0-150; ASP.NET_SessionId=qvkrutngt2hu0udm3z5jhcz2; _ga=GA1.2.1696413369.1624261372; _gid=GA1.2.2060917131.1624261372; _gat=1; __asc=07d08a0a17a2d85aaf21a4c9ce1; __auc=07d08a0a17a2d85aaf21a4c9ce1; _ym_uid=1624261373531451016; _ym_d=1624261373; __gads=ID=d17905afad4bdb92-226b5bb90dc9000d:T=1624261373:S=ALNI_MYeweUqgjG6uGIsNErUXJsMTFCzFQ; _ym_isad=1; __atuvc=3|25; __atuvs=60d042fcc95681b7002; __test; __PPU___PPU_SESSION_URL=/
cf_clearance=2bd5aee6f6732aba493c2ccea8cb7729aed05a90-1624261367-0-150; ASP.NET_SessionId=qvkrutngt2hu0udm3z5jhcz2; _ga=GA1.2.1696413369.1624261372; _gid=GA1.2.2060917131.1624261372; __asc=07d08a0a17a2d85aaf21a4c9ce1; __auc=07d08a0a17a2d85aaf21a4c9ce1; _ym_uid=1624261373531451016; _ym_d=1624261373; __gads=ID=d17905afad4bdb92-226b5bb90dc9000d:T=1624261373:S=ALNI_MYeweUqgjG6uGIsNErUXJsMTFCzFQ; _ym_isad=1; __test; __PPU___PPU_SESSION_URL=/; __atuvc=4|25; __atuvs=60d042fcc95681b7003; _pbjs_userid_consent_data=6683316680106290; cto_bidid=HSz3Wl83b3Rvc0poWHNSZ3lFeDlRV09XRzdqUTFFdm4xJTJCekwxVXV1clhSY0tVZ2UwRXRxRE5iVmdRRVFYMXglMkJINkhLRjZveXE4eEI0QURuVG8xZUx5a0xFWGclM0QlM0Q; cto_bundle=Z94Ab19VJTJGZTdRS1BIR2Z0Ym9ZWTVzS2JtV0haM1Baek1LaDdxMFF2cm9WbDVHbW5wb0wwQmdwYmNQNE9OTSUyRmxTMTF3UUN6bDR6S1FKcGFmVEphWHNhTEUlMkZqOWlzMWZMMEgwdWZCZXNZbzF1UXlDZFlJOUg3Z0tIaTcwOTZ4MTB2ckpKUg
ASP.NET_SessionId=qvkrutngt2hu0udm3z5jhcz2; _ga=GA1.2.1696413369.1624261372; _gid=GA1.2.2060917131.1624261372; __asc=07d08a0a17a2d85aaf21a4c9ce1; __auc=07d08a0a17a2d85aaf21a4c9ce1; _ym_uid=1624261373531451016; _ym_d=1624261373; __gads=ID=d17905afad4bdb92-226b5bb90dc9000d:T=1624261373:S=ALNI_MYeweUqgjG6uGIsNErUXJsMTFCzFQ; _ym_isad=1; __test; __PPU___PPU_SESSION_URL=/; _pbjs_userid_consent_data=6683316680106290; cf_clearance=88d0bc4883665d4759602274852c50ea4f55da7e-1624261456-0-150; _gat=1; __atuvc=6|25; __atuvs=60d042fcc95681b7005; cto_bidid=1EYMAV83b3Rvc0poWHNSZ3lFeDlRV09XRzdqUTFFdm4xJTJCekwxVXV1clhSY0tVZ2UwRXRxRE5iVmdRRVFYMXglMkJINkhLRlZuTVV6YlRhbjhkVUgyUkJFUUM4MlElM0QlM0Q; cto_bundle=GzeWwV9VJTJGZTdRS1BIR2Z0Ym9ZWTVzS2JtV0Y0V3N2V3VwQzhNTTJpOEdXZ2dNbkJ2MFI0RWxyWUV5cU4ydXZoeUZWUFpiVFBRRHQ0Qm1MSktpa1VLekE4RDF4dGdSQjh1UjBTVUpqZ2R0cmR0V2pyMXBJT1RXUyUyRkFhMDFDUnNVJTJGS0piTQ